Agex	Duration0	Duration1	Durations2+
17	0.000055	0.000111	0.000179
18	0.000056	0.000114	0.000184
19	0.000057	0.000117	0.000188
20	0.000059	0.000120	0.000194
21	0.000061	0.000123	0.000199
22	0.000063	0.000128	0.000206
23	0.000065	0.000132	0.000213
24	0.000067	0.000137	0.000221
25	0.000070	0.000143	0.000230
26	0.000073	0.000150	0.000241
27	0.000077	0.000156	0.000252
28	0.000081	0.000164	0.000265
29	0.000085	0.000174	0.000279
30	0.000092	0.000185	0.000295
31	0.000100	0.000199	0.000313
32	0.000110	0.000215	0.000333
33	0.000122	0.000234	0.000355
34	0.000135	0.000255	0.000375
35	0.000150	0.000278	0.000394
36	0.000165	0.000303	0.000416
37	0.000180	0.000326	0.000440
38	0.000196	0.000351	0.000467
39	0.000215	0.000380	0.000498
40	0.000235	0.000412	0.000532
41	0.000258	0.000448	0.000571
42	0.000284	0.000487	0.000614
43	0.000313	0.000533	0.000663
44	0.000345	0.000583	0.000718
45	0.000382	0.000641	0.000780
46	0.000423	0.000705	0.000850
47	0.000469	0.000777	0.000928
48	0.000521	0.000857	0.001015
49	0.000579	0.000949	0.001114
50	0.000645	0.001051	0.001225
51	0.000719	0.001166	0.001349
52	0.000802	0.001295	0.001489
53	0.000895	0.001442	0.001647
54	0.001001	0.001606	0.001824
55	0.001118	0.001789	0.002022
56	0.001252	0.001996	0.002246
57	0.001401	0.002229	0.002497
58	0.001569	0.002490	0.002779
59	0.001757	0.002784	0.003096
60	0.001969	0.003115	0.003453
61	0.002207	0.003485	0.003853
62	0.002475	0.003902	0.004303
63	0.002775	0.004370	0.004809
64	0.003112	0.004896	0.005377
65	0.003491	0.005486	0.006015
66	0.003917	0.006149	0.006732
67	0.004395	0.006895	0.007538
68	0.004932	0.007732	0.008442
69	0.005536	0.008673	0.009458
70	0.006215	0.009730	0.010599
71	0.006979	0.010919	0.011880
72	0.007839	0.012255	0.013318
73	0.008805	0.013757	0.014931
74	0.009895	0.015447	0.016742
75	0.011124	0.017349	0.018774
76	0.012509	0.019491	0.021053
77	0.014073	0.021902	0.023609
78	0.015839	0.024618	0.026473
79	0.017825	0.027669	0.029684
80	0.020044	0.031080	0.033280
81	0.022504	0.034876	0.037307
82	0.025236	0.039102	0.041813
83	0.028279	0.043816	0.046854
84	0.031680	0.049086	0.052489
85	0.035478	0.054972	0.058783
86	0.039719	0.061543	0.065810
87	0.044448	0.068870	0.073645
88	0.049717	0.077035	0.082375
89	0.055581	0.086120	0.092090
90	0.062098	0.096219	0.102889
91	1.000000		0.107427	0.114874
92	1.000000		1.000000		0.128157
93	1.000000		1.000000		0.142850
94	1.000000		1.000000		0.159072
95	1.000000		1.000000		0.176942
96	1.000000		1.000000		0.196576
97	1.000000		1.000000		0.218089
98	1.000000		1.000000		0.241586
99	1.000000		1.000000		0.267157
100	1.000000		1.000000		0.295467
101	1.000000		1.000000		0.324026
102	1.000000		1.000000		0.351066
103	1.000000		1.000000		0.376663
104	1.000000		1.000000		0.400888
105	1.000000		1.000000		0.423806
106	1.000000		1.000000		0.445478
107	1.000000		1.000000		0.465958
108	1.000000		1.000000		0.485298
109	1.000000		1.000000		0.503543
110	1.000000		1.000000		0.520734
111	1.000000		1.000000		0.536905
112	1.000000		1.000000		0.552084
113	1.000000		1.000000		0.566290
114	1.000000		1.000000		0.579532
115	1.000000		1.000000		0.591804
116	1.000000		1.000000		0.603076
117	1.000000		1.000000		0.613278
118	1.000000		1.000000		0.622251
119	1.000000		1.000000		0.629516
120	1.000000		1.000000		1.000000
