Age x	Duration 0	Duration 1	Durations 2+
17	0.000100	0.000204	0.000250
18	0.000101	0.000207	0.000253
19	0.000103	0.000209	0.000256
20	0.000104	0.000212	0.000260
21	0.000106	0.000216	0.000265
22	0.000108	0.000220	0.000270
23	0.000111	0.000225	0.000276
24	0.000114	0.000232	0.000284
25	0.000117	0.000239	0.000293
26	0.000121	0.000247	0.000303
27	0.000126	0.000257	0.000315
28	0.000132	0.000269	0.000329
29	0.000139	0.000282	0.000345
30	0.000149	0.000300	0.000364
31	0.000162	0.000322	0.000385
32	0.000178	0.000349	0.000411
33	0.000198	0.000381	0.000440
34	0.000221	0.000418	0.000474
35	0.000247	0.000461	0.000513
36	0.000278	0.000509	0.000558
37	0.000312	0.000566	0.000610
38	0.000352	0.000630	0.000669
39	0.000399	0.000705	0.000738
40	0.000452	0.000791	0.000816
41	0.000513	0.000889	0.000906
42	0.000584	0.001000	0.001009
43	0.000666	0.001124	0.001127
44	0.000760	0.001260	0.001261
45	0.000868	0.001415	0.001415
46	0.000991	0.001589	0.001589
47	0.001133	0.001788	0.001788
48	0.001294	0.002013	0.002013
49	0.001478	0.002269	0.002269
50	0.001688	0.002558	0.002558
51	0.001926	0.002886	0.002886
52	0.002197	0.003257	0.003257
53	0.002503	0.003674	0.003674
54	0.002850	0.004146	0.004146
55	0.003241	0.004676	0.004676
56	0.003681	0.005272	0.005272
57	0.004176	0.005941	0.005941
58	0.004732	0.006691	0.006691
59	0.005355	0.007530	0.007530
60	0.006052	0.008469	0.008469
61	0.006831	0.009517	0.009517
62	0.007700	0.010686	0.010686
63	0.008667	0.011987	0.011987
64	0.009742	0.013433	0.013433
65	0.010936	0.015039	0.015039
66	0.012261	0.016819	0.016819
67	0.013726	0.018789	0.018789
68	0.015348	0.020967	0.020967
69	0.017139	0.023370	0.023370
70	0.019117	0.026019	0.026019
71	0.021296	0.028932	0.028932
72	0.023696	0.032133	0.032133
73	0.026337	0.035643	0.035643
74	0.029241	0.039486	0.039486
75	0.032431	0.043686	0.043686
76	0.035935	0.048270	0.048270
77	0.039779	0.053262	0.053262
78	0.043997	0.058691	0.058691
79	0.048591	0.064583	0.064583
80	0.053552	0.070965	0.070965
81	0.058851	0.077867	0.077867
82	0.064515	0.085314	0.085314
83	0.070579	0.093334	0.093334
84	0.077098	0.101954	0.101954
85	0.084089	0.111199	0.111199
86	0.091571	0.121093	0.121093
87	0.099560	0.131658	0.131658
88	0.108072	0.142914	0.142914
89	0.117118	0.154877	0.154877
90      0.126711    0.167563    0.167563
91      1.000000         0.180981    0.180981
92      1.000000         1.000000         0.195138
93      1.000000         1.000000         0.210036
94      1.000000         1.000000         0.225672
95      1.000000         1.000000         0.242039
96      1.000000         1.000000         0.259122
97      1.000000         1.000000         0.276902
98      1.000000         1.000000         0.295354
99      1.000000         1.000000         0.314444
100     1.000000         1.000000          0.336839
101     1.000000         1.000000          0.361264
102     1.000000         1.000000          0.384479
103     1.000000         1.000000          0.406538
104     1.000000         1.000000          0.427492
105     1.000000         1.000000          0.447389
106     1.000000         1.000000          0.466271
107     1.000000         1.000000          0.484178
108     1.000000         1.000000          0.501148
109     1.000000         1.000000          0.517211
110     1.000000         1.000000          0.532397
111     1.000000         1.000000          0.546727
112     1.000000         1.000000          0.560221
113     1.000000         1.000000          0.572889
114     1.000000         1.000000          0.584732
115     1.000000         1.000000          0.595738
116     1.000000         1.000000          0.605875
117     1.000000         1.000000          0.615073
118     1.000000         1.000000          0.623181
119     1.000000         1.000000          0.629760
120     1.000000         1.000000          1.000000
