Age x	Duration 0	Duration 1	Durations 2+
17	0.000223	0.000305	0.000363
18	0.000225	0.000307	0.000365
19	0.000226	0.000309	0.000368
20	0.000229	0.000313	0.000372
21	0.000231	0.000315	0.000375
22	0.000234	0.000319	0.000380
23	0.000236	0.000323	0.000384
24	0.000240	0.000328	0.000390
25	0.000244	0.000333	0.000396
26	0.000248	0.000339	0.000403
27	0.000253	0.000345	0.000411
28	0.000259	0.000354	0.000421
29	0.000266	0.000363	0.000431
30	0.000276	0.000376	0.000443
31	0.000290	0.000393	0.000456
32	0.000308	0.000414	0.000471
33	0.000328	0.000438	0.000489
34	0.000349	0.000463	0.000508
35	0.000373	0.000492	0.000531
36	0.000399	0.000524	0.000556
37	0.000427	0.000558	0.000585
38	0.000458	0.000596	0.000617
39	0.000492	0.000639	0.000654
40	0.000530	0.000686	0.000696
41	0.000572	0.000738	0.000744
42	0.000620	0.000795	0.000798
43	0.000672	0.000858	0.000860
44	0.000731	0.000927	0.000929
45	0.000796	0.001006	0.001008
46	0.000869	0.001096	0.001098
47	0.000951	0.001198	0.001200
48	0.001042	0.001312	0.001315
49	0.001145	0.001444	0.001447
50	0.001259	0.001592	0.001595
51	0.001387	0.001760	0.001764
52	0.001529	0.001951	0.001955
53	0.001689	0.002166	0.002172
54	0.001867	0.002405	0.002418
55	0.002066	0.002671	0.002697
56	0.002288	0.002965	0.003013
57	0.002535	0.003293	0.003371
58	0.002813	0.003662	0.003778
59	0.003122	0.004075	0.004238
60	0.003469	0.004539	0.004760
61	0.003856	0.005059	0.005351
62	0.004291	0.005644	0.006021
63	0.004779	0.006304	0.006781
64	0.005327	0.007045	0.007640
65	0.005945	0.007882	0.008614
66	0.006643	0.008827	0.009717
67	0.007432	0.009898	0.010965
68	0.008329	0.011112	0.012378
69	0.009351	0.012493	0.013977
70	0.010519	0.014068	0.015786
71	0.011858	0.015868	0.017832
72	0.013401	0.017931	0.020145
73	0.015184	0.020302	0.022759
74	0.017253	0.023034	0.025712
75	0.019664	0.026196	0.029048
76	0.022483	0.029861	0.032813
77	0.025790	0.034123	0.037060
78	0.029685	0.039095	0.041849
79	0.034165	0.044788	0.047245
80	0.039172	0.051161	0.053319
81	0.044559	0.058084	0.060153
82	0.050394	0.065646	0.067833
83	0.056798	0.073989	0.076454
84	0.063955	0.083312	0.086088
85	0.070969	0.092449	0.095529
86	0.078221	0.101895	0.105290
87	0.086094	0.112151	0.115888
88	0.094624	0.123263	0.127370
89	0.103845	0.135275	0.139782
90	0.113790	0.148229	0.153168
91	inf     	0.162168	0.167571
92	inf     	inf             0.183029
93	inf     	inf             0.199573
94	inf     	inf             0.217232
95	inf     	inf             0.236024
96	inf     	inf             0.255963
97	inf     	inf             0.277048
98	inf     	inf             0.299269
99	inf     	inf             0.322606
100	inf     	inf             0.346759
101	inf     	inf             0.370214
102	inf     	inf             0.392528
103	inf     	inf             0.413752
104	inf     	inf             0.433932
105	inf     	inf             0.453110
106	inf     	inf             0.471326
107	inf     	inf             0.488618
108	inf     	inf             0.505018
109	inf     	inf             0.520556
110	inf     	inf             0.535256
111	inf     	inf             0.549141
112	inf     	inf             0.562225
113	inf     	inf             0.574517
114	inf     	inf             0.586017
115	inf     	inf             0.596712
116	inf     	inf             0.606569
117	inf     	inf             0.615519
118	inf     	inf             0.623412
119	inf     	inf             0.629820
120	inf     	inf             1.000000
