Age x	Duration 0	Duration 1	Durations 2+
17	0.000491	0.000670	0.000679
18	0.000492	0.000672	0.000681
19	0.000494	0.000675	0.000684
20	0.000496	0.000678	0.000687
21	0.000499	0.000681	0.000690
22	0.000502	0.000686	0.000695
23	0.000506	0.000691	0.000700
24	0.000510	0.000697	0.000706
25	0.000515	0.000704	0.000713
26	0.000522	0.000712	0.000722
27	0.000529	0.000722	0.000732
28	0.000538	0.000734	0.000744
29	0.000550	0.000750	0.000759
30	0.000569	0.000769	0.000776
31	0.000595	0.000792	0.000796
32	0.000629	0.000819	0.000820
33	0.000668	0.000848	0.000848
34	0.000711	0.000881	0.000881
35	0.000759	0.000920	0.000920
36	0.000813	0.000966	0.000966
37	0.000873	0.001019	0.001019
38	0.000941	0.001081	0.001081
39	0.001019	0.001154	0.001154
40	0.001107	0.001238	0.001238
41	0.001207	0.001336	0.001336
42	0.001321	0.001449	0.001449
43	0.001452	0.001581	0.001581
44	0.001599	0.001732	0.001732
45	0.001768	0.001907	0.001907
46	0.001961	0.002109	0.002109
47	0.002178	0.002340	0.002340
48	0.002425	0.002605	0.002605
49	0.002704	0.002909	0.002909
50	0.003018	0.003256	0.003256
51	0.003372	0.003652	0.003652
52	0.003769	0.004103	0.004103
53	0.004214	0.004615	0.004615
54	0.004711	0.005196	0.005196
55	0.005266	0.005855	0.005855
56	0.005884	0.006599	0.006599
57	0.006569	0.007438	0.007438
58	0.007330	0.008383	0.008383
59	0.008172	0.009446	0.009446
60	0.009102	0.010637	0.010637
61	0.010131	0.011971	0.011971
62	0.011265	0.013462	0.013462
63	0.012517	0.015124	0.015124
64	0.013898	0.016974	0.016974
65	0.015422	0.019029	0.019029
66	0.017105	0.021307	0.021307
67	0.018965	0.023826	0.023826
68	0.021025	0.026607	0.026607
69	0.023310	0.029670	0.029670
70	0.025851	0.033036	0.033036
71	0.028683	0.036728	0.036728
72	0.031849	0.040768	0.040768
73	0.035397	0.045179	0.045179
74	0.039387	0.049983	0.049983
75	0.043887	0.055205	0.055205
76	0.048975	0.060865	0.060865
77	0.054745	0.066988	0.066988
78	0.061303	0.073593	0.073593
79	0.068536	0.080703	0.080703
80	0.076211	0.088334	0.088334
81	0.083952	0.096506	0.096506
82	0.091808	0.105232	0.105232
83	0.099917	0.114527	0.114527
84	0.108530	0.124399	0.124399
85	0.117653	0.134856	0.134856
86	0.127290	0.145902	0.145902
87	0.137440	0.157536	0.157536
88	0.148099	0.169754	0.169754
89	0.159261	0.182548	0.182548
Age x
90
91
92
93
94
95
96
97
98
99
100
101
102
103
104
105
106
107
108
109
110
111
112
113
114
115
116
117
118
119
120
Duration 0
0.170914
Duration 1
0.195905
0.209808
Durations 2+
0.195905
0.209808
0.224234
0.239158
0.254548
0.270369
0.286580
0.303139
0.319997
0.337105
0.357329
0.379761
0.401123
0.421463
0.440820
0.459236
0.476745
0.493381
0.509174
0.524150
0.538332
0.551739
0.564383
0.576272
0.587403
0.597764
0.607319
0.616001
0.623663
0.629886
1.000000
